AAP 10/31/2012 2,106,101 1,034,772 2.035329
AAP 9/28/2012 2,585,076 988,495 2.615163
ACAS 10/31/2012 5,636,851 2,551,289 2.209413
ACAS 9/28/2012 5,403,669 1,931,827 2.797181
ACC 10/31/2012 1,587,469 1,699,010 1.000000
ACC 9/28/2012 983,919 774,121 1.271014
ACGL 10/31/2012 2,993,945 492,994 6.072985
ACGL 9/28/2012 2,571,680 328,164 7.836570
ACMP 10/31/2012 1,585,849 258,765 6.128530
ACMP 9/28/2012 2,008,253 370,370 5.422289
ACWI 10/31/2012 314,940 619,180 1.000000
ACWI 9/28/2012 99,404 611,666 1.000000
AEO 10/31/2012 13,664,439 3,911,322 3.493560
AEO 9/28/2012 13,742,483 4,645,519 2.958223
AFG 10/31/2012 722,673 662,924 1.090129
AFG 9/28/2012 727,940 551,900 1.318971
AGCO 10/31/2012 2,417,779 1,034,551 2.337032
AGCO 9/28/2012 2,350,504 1,118,420 2.101629
AGP 10/31/2012 1,180,994 627,521 1.881999
AGP 9/28/2012 3,371,773 673,210 5.008501
AIV 10/31/2012 8,763,045 1,598,876 5.480753
AIV 9/28/2012 8,281,466 1,657,057 4.997695
AJG 10/31/2012 662,041 441,489 1.499564
AJG 9/28/2012 899,616 510,354 1.762729
ALB 10/31/2012 1,512,033 1,245,285 1.214206
ALB 9/28/2012 1,301,144 979,184 1.328804
ALSN 10/31/2012 10,692,702 387,046 27.626437
ALSN 9/28/2012 9,622,750 426,926 22.539620
ALV 10/31/2012 3,885,777 825,879 4.705020
ALV 9/28/2012 3,825,702 465,241 8.223054
AMCX 10/31/2012 2,075,569 943,336 2.200244
AMCX 9/28/2012 1,660,075 387,131 4.288148
AN 10/31/2012 6,181,981 669,666 9.231439
AN 9/28/2012 7,118,891 621,498 11.454407
ANFI 10/31/2012 142,118 119,720 1.187087
ANSS 10/31/2012 1,084,559 259,191 4.184401
ANSS 9/28/2012 1,492,791 458,108 3.258601
ANV 10/31/2012 7,835,765 885,698 8.846994
ANV 9/28/2012 7,360,061 1,213,944 6.062933
AOL 10/31/2012 11,075,641 1,545,730 7.165314
AOL 9/28/2012 7,260,066 1,804,505 4.023301
AOS 10/31/2012 2,244,637 615,562 3.646484
AOS 9/28/2012 2,604,469 472,903 5.507406
APO 10/31/2012 1,416,202 344,142 4.115168
APO 9/28/2012 1,369,188 289,662 4.726847
APU 10/31/2012 620,627 87,973 7.054744
APU 9/28/2012 404,090 119,338 3.386097
ARCC 10/31/2012 4,292,934 1,539,880 2.787837
ARCC 9/28/2012 3,127,678 1,659,500 1.884711
ARE 10/31/2012 670,081 375,875 1.782723
ARE 9/28/2012 856,317 414,155 2.067624
ARIA 10/31/2012 8,553,282 2,269,567 3.768685
ARIA 9/28/2012 9,149,731 2,264,854 4.039877
ARW 10/31/2012 2,320,090 673,263 3.446038
ARW 9/28/2012 1,592,454 928,618 1.714864
ASH 10/31/2012 1,663,151 821,405 2.024764
ASH 9/28/2012 2,471,271 1,169,616 2.112891
ASNA 10/31/2012 4,150,568 1,329,192 3.122625
ASNA 9/28/2012 4,461,449 2,896,326 1.540382
ATO 10/31/2012 838,339 388,786 2.156299
ATO 9/28/2012 1,000,153 310,093 3.225332
ATR 10/31/2012 1,784,659 139,370 12.805188
ATR 9/28/2012 1,767,753 253,111 6.984102
ATW 10/31/2012 2,579,893 510,657 5.052105
ATW 9/28/2012 2,763,282 552,250 5.003679
AVT 10/31/2012 2,104,538 1,711,942 1.229328
AVT 9/28/2012 1,574,275 1,346,850 1.168857
AVY 10/31/2012 4,533,656 794,171 5.708665
AVY 9/28/2012 4,160,180 697,981 5.960306
AWI 10/31/2012 2,635,516 359,980 7.321285
AWI 9/28/2012 1,907,638 287,719 6.630212
AWK 10/31/2012 463,563 782,904 1.000000
AWK 9/28/2012 570,148 866,891 1.000000
AXS 10/31/2012 1,147,354 730,127 1.571444
AXS 9/28/2012 704,277 460,991 1.527746
BBY 10/31/2012 29,202,284 5,827,038 5.011514
BBY 9/28/2012 31,513,166 5,952,936 5.293718
BEAV 10/31/2012 1,702,170 1,004,012 1.695368
BEAV 9/28/2012 1,676,801 908,986 1.844694
BERY 10/31/2012 77,367 282,586 1.000000
BKW 10/31/2012 4,189,988 525,619 7.971531
BKW 9/28/2012 2,960,277 649,771 4.555877
BMC 10/31/2012 1,899,980 1,341,868 1.415922
BMC 9/28/2012 2,158,157 1,234,579 1.748091
BMRN 10/31/2012 9,506,411 2,469,491 3.849543
BMRN 9/28/2012 10,014,400 1,025,109 9.769107
BMS 10/31/2012 4,242,674 842,670 5.034799
BMS 9/28/2012 4,016,611 599,490 6.700047
BOKF 10/31/2012 546,005 66,925 8.158461
BOKF 9/28/2012 509,608 84,456 6.034006
BPL 10/31/2012 458,809 256,628 1.787837
BPL 9/28/2012 463,347 435,387 1.064219
BRE 10/31/2012 2,095,404 720,893 2.906678
BRE 9/28/2012 2,429,917 792,437 3.066385
BRO 10/31/2012 749,268 1,344,633 1.000000
BRO 9/28/2012 808,879 588,209 1.375156
BWC 10/31/2012 833,869 670,121 1.244356
BWC 9/28/2012 498,626 389,861 1.278984
BWP 10/31/2012 508,468 540,285 1.000000
BWP 9/28/2012 729,790 476,741 1.530789
CAB 10/31/2012 3,804,559 1,130,083 3.366619
CAB 9/28/2012 3,003,936 528,698 5.681762
CBG 10/31/2012 6,326,379 3,111,828 2.033011
CBG 9/28/2012 5,479,698 4,479,531 1.223275
CBI 10/31/2012 4,911,075 1,565,583 3.136899
CBI 9/28/2012 4,148,303 1,708,361 2.428236
CBL 10/31/2012 10,525,752 1,483,852 7.093532
CBL 9/28/2012 10,693,003 1,870,595 5.716365
CBSH 10/31/2012 1,936,655 760,131 2.547791
CBSH 9/28/2012 1,768,082 447,097 3.954583
CCK 10/31/2012 2,175,359 910,034 2.390415
CCK 9/28/2012 3,097,683 796,588 3.888689
CDNS 10/31/2012 27,317,916 3,338,460 8.182790
CDNS 9/28/2012 26,175,713 2,497,347 10.481408
CE 10/31/2012 1,719,681 1,688,705 1.018343
CE 9/28/2012 3,174,193 2,075,913 1.529059
CFN 10/31/2012 2,360,133 1,173,615 2.010994
CFN 9/28/2012 2,946,669 1,729,623 1.703648
CFR 10/31/2012 3,710,454 574,443 6.459220
CFR 9/28/2012 4,054,828 314,737 12.883226
CFX 10/31/2012 7,745,164 990,429 7.820009
CFX 9/28/2012 6,592,862 763,378 8.636432
CHS 10/31/2012 4,631,088 1,480,463 3.128135
CHS 9/28/2012 4,442,123 1,977,747 2.246052
CINF 10/31/2012 6,408,022 835,222 7.672238
CINF 9/28/2012 6,862,964 1,169,601 5.867782
CLB 10/31/2012 2,437,906 433,199 5.627682
CLB 9/28/2012 2,842,081 318,088 8.934889
CLF 10/31/2012 27,252,784 9,058,328 3.008589
CLF 9/28/2012 27,492,897 9,058,150 3.035156
CLH 10/31/2012 1,797,310 676,928 2.655098
CLH 9/28/2012 1,966,097 639,921 3.072406
CLWR 10/31/2012 50,870,997 33,374,357 1.524254
CLWR 9/28/2012 65,969,034 11,033,570 5.978938
CMA 10/31/2012 10,519,281 3,129,068 3.361794
CMA 9/28/2012 8,305,144 1,988,777 4.176006
CMS 10/31/2012 9,200,939 1,611,945 5.707973
CMS 9/28/2012 8,421,314 2,461,205 3.421622
CNQR 10/31/2012 6,374,205 411,462 15.491601
CNQR 9/28/2012 6,409,935 469,000 13.667239
COO 10/31/2012 799,454 209,659 3.813116
COO 9/28/2012 434,321 369,392 1.175773
CPA 10/31/2012 207,076 309,615 1.000000
CPA 9/28/2012 195,566 221,558 1.000000
CPRT 10/31/2012 760,083 394,426 1.927061
CPRT 9/28/2012 949,182 797,736 1.189845
CPT 10/31/2012 2,104,997 536,955 3.920248
CPT 9/28/2012 1,882,019 893,117 2.107248
CQP 10/31/2012 155,500 382,486 1.000000
CQP 9/28/2012 226,512 1,143,563 1.000000
CREE 10/31/2012 17,513,013 2,631,079 6.656209
CREE 9/28/2012 17,620,398 1,475,400 11.942794
CRI 10/31/2012 4,075,327 918,518 4.436850
CRI 9/28/2012 2,627,616 417,986 6.286373
CSC 10/31/2012 6,643,687 834,750 7.958894
CSC 9/28/2012 6,290,751 1,473,978 4.267873
CSL 10/31/2012 746,732 490,516 1.522340
CSL 9/28/2012 938,905 371,599 2.526662
CTAS 10/31/2012 5,645,239 890,708 6.337923
CTAS 9/28/2012 5,341,652 787,648 6.781776
CVC 10/31/2012 10,936,480 3,456,348 3.164172
CVC 9/28/2012 12,646,516 2,612,099 4.841515
CVH 10/31/2012 684,620 1,253,044 1.000000
CVH 9/28/2012 1,006,420 2,889,659 1.000000
CVI 10/31/2012 2,129,951 189,932 11.214282
CVI 9/28/2012 2,129,511 357,363 5.958958
CXW 10/31/2012 2,170,771 631,999 3.434770
CXW 9/28/2012 3,046,179 812,189 3.750579
CYT 10/31/2012 1,305,750 862,308 1.514250
CYT 9/28/2012 1,076,148 565,762 1.902121
CZZ 10/31/2012 1,450,455 1,229,838 1.179387
CZZ 9/28/2012 1,155,509 1,748,060 1.000000
DCI 10/31/2012 3,062,148 881,333 3.474451
DCI 9/28/2012 3,067,111 784,103 3.911617
DDR 10/31/2012 21,071,283 2,514,154 8.381063
DDR 9/28/2012 32,365,646 4,363,575 7.417232
DDS 10/31/2012 2,273,551 382,104 5.950084
DDS 9/28/2012 2,571,907 479,718 5.361289
DEI 10/31/2012 7,494,459 1,139,158 6.578946
DEI 9/28/2012 6,928,954 1,166,928 5.937773
DF 10/31/2012 11,025,362 8,969,598 1.229192
DF 9/28/2012 4,358,195 4,021,595 1.083698
DKS 10/31/2012 11,132,567 1,098,142 10.137639
DKS 9/28/2012 10,708,076 1,213,654 8.823006
DLB 10/31/2012 7,408,204 570,922 12.975860
DLB 9/28/2012 6,100,754 699,690 8.719224
DNB 10/31/2012 5,292,996 426,455 12.411617
DNB 9/28/2012 4,413,902 408,450 10.806468
DNKN 10/31/2012 10,407,134 1,688,656 6.162969
DNKN 9/28/2012 11,133,951 1,435,269 7.757397
DNR 10/31/2012 10,452,703 5,013,494 2.084914
DNR 9/28/2012 10,074,947 7,413,959 1.358916
DOX 10/31/2012 1,740,991 877,118 1.984899
DOX 9/28/2012 1,712,079 694,371 2.465655
DRC 10/31/2012 1,780,916 456,641 3.900035
DRC 9/28/2012 1,647,276 782,512 2.105113
DRE 10/31/2012 6,430,159 2,149,444 2.991545
DRE 9/28/2012 7,838,997 2,874,803 2.726794
DYN 10/31/2012 5,495,909 996,137 5.517222
EA 10/31/2012 17,409,053 5,678,016 3.066045
EA 9/28/2012 15,021,837 5,864,330 2.561561
EFX 10/31/2012 1,674,287 1,077,966 1.553191
EFX 9/28/2012 1,132,442 593,893 1.906811
EGN 10/31/2012 1,536,926 672,832 2.284264
EGN 9/28/2012 1,412,509 372,128 3.795761
ENDP 10/31/2012 5,862,058 1,516,862 3.864595
ENDP 9/28/2012 6,402,412 1,486,491 4.307064
ENR 10/31/2012 3,575,763 392,900 9.100949
ENR 9/28/2012 3,347,119 952,310 3.514737
ERIE 10/31/2012 171,064 38,113 4.488337
ERIE 9/28/2012 155,148 48,127 3.223721
ESS 10/31/2012 1,936,994 311,891 6.210484
ESS 9/28/2012 2,233,062 263,773 8.465848
EV 10/31/2012 8,255,458 1,002,487 8.234978
EV 9/28/2012 9,689,795 669,886 14.464842
EWBC 10/31/2012 4,023,467 1,829,148 2.199640
EWBC 9/28/2012 3,140,964 857,437 3.663201
EXR 10/31/2012 973,877 642,344 1.516130
EXR 9/28/2012 1,124,524 683,609 1.644981
FANG 10/31/2012 439,249 186,179 2.359283
FBHS 10/31/2012 7,442,033 2,114,680 3.519224
FBHS 9/28/2012 6,201,982 1,857,737 3.338461
FDS 10/31/2012 4,163,822 328,753 12.665503
FDS 9/28/2012 4,307,050 644,664 6.681077
FFIV 10/31/2012 2,991,109 2,814,812 1.062632
FFIV 9/28/2012 3,035,158 2,016,826 1.504918
FL 10/31/2012 4,067,379 1,611,681 2.523687
FL 9/28/2012 4,406,725 1,838,521 2.396886
FLEX 10/31/2012 5,232,263 5,024,238 1.041404
FLEX 9/28/2012 4,842,897 6,825,678 1.000000
FLT 10/31/2012 1,231,299 289,973 4.246254
FLT 9/28/2012 1,184,236 372,134 3.182284
FLTX 10/31/2012 95,006 94,262 1.007893
FMCN 10/31/2012 12,696,049 1,171,554 10.836930
FMCN 9/28/2012 7,624,839 1,536,899 4.961184
FNF 10/31/2012 5,147,647 2,165,316 2.377319
FNF 9/28/2012 5,403,438 3,214,245 1.681091
FOSL 10/31/2012 2,516,010 869,160 2.894760
FOSL 9/28/2012 3,109,603 939,974 3.308180
FRC 10/31/2012 2,578,716 453,010 5.692404
FRC 9/28/2012 2,667,692 695,533 3.835464
FTNT 10/31/2012 4,154,483 5,869,467 1.000000
FTNT 9/28/2012 3,709,756 2,917,911 1.271374
FTR 10/31/2012 232,796,420 8,785,453 26.497942
FTR 9/28/2012 225,425,417 9,381,357 24.029084
G 10/31/2012 873,201 753,045 1.159560
G 9/28/2012 508,183 586,695 1.000000
GAS 10/31/2012 1,371,563 325,678 4.211408
GAS 9/28/2012 1,342,403 311,950 4.303263
GCI 10/31/2012 23,321,483 3,418,321 6.822496
GCI 9/28/2012 23,451,559 6,169,498 3.801210
GDI 10/31/2012 1,637,246 1,059,769 1.544908
GDI 9/28/2012 1,071,624 448,063 2.391682
GMCR 10/31/2012 49,708,149 4,064,846 12.228790
GMCR 9/28/2012 44,764,703 7,506,389 5.963547
GNC 10/31/2012 8,516,204 1,402,065 6.074044
GNC 9/28/2012 7,621,265 1,502,983 5.070759
GPN 10/31/2012 2,007,676 721,658 2.782032
GPN 9/28/2012 841,560 1,014,327 1.000000
GRA 10/31/2012 1,986,732 757,942 2.621219
GRA 9/28/2012 1,273,840 649,522 1.961196
GWR 10/31/2012 3,597,901 381,983 9.419008
GWR 9/28/2012 2,575,691 723,634 3.559384
GXP 10/31/2012 1,681,883 411,342 4.088770
GXP 9/28/2012 3,230,969 825,988 3.911642
H 10/31/2012 2,077,516 1,042,087 1.993611
H 9/28/2012 2,060,566 471,950 4.366068
HAR 10/31/2012 4,258,986 656,896 6.483501
HAR 9/28/2012 3,801,607 495,864 7.666632
HAS 10/31/2012 15,727,898 2,282,671 6.890129
HAS 9/28/2012 15,028,643 1,065,334 14.106978
HBAN 10/31/2012 21,451,759 18,096,553 1.185406
HBAN 9/28/2012 13,377,117 7,931,630 1.686553
HBI 10/31/2012 8,346,018 765,264 10.906064
HBI 9/28/2012 7,834,678 724,738 10.810359
HCBK 10/31/2012 3,597,227 7,301,246 1.000000
HCBK 9/28/2012 4,410,888 6,338,997 1.000000
HCC 10/31/2012 1,291,264 429,540 3.006155
HCC 9/28/2012 1,527,044 431,946 3.535266
HLF 10/31/2012 15,176,326 1,322,554 11.475014
HLF 9/28/2012 13,918,663 1,461,316 9.524746
HME 10/31/2012 1,419,557 367,498 3.862761
HME 9/28/2012 1,498,886 580,074 2.583957
HOLX 10/31/2012 8,284,746 2,273,184 3.644556
HOLX 9/28/2012 7,763,963 2,248,006 3.453711
HP 10/31/2012 5,456,652 1,224,917 4.454712
HP 9/28/2012 5,014,243 1,549,591 3.235849
HRB 10/31/2012 14,994,445 2,284,823 6.562629
HRB 9/28/2012 19,718,559 3,595,500 5.484233
HRS 10/31/2012 4,343,569 1,004,607 4.323650
HRS 9/28/2012 4,662,690 879,256 5.302995
HSH 10/31/2012 4,986,393 1,594,950 3.126363
HSH 9/28/2012 3,062,697 1,790,626 1.710406
HSP 10/31/2012 6,144,623 1,397,523 4.396796
HSP 9/28/2012 8,715,549 1,021,951 8.528343
HTZ 10/31/2012 30,625,500 5,822,391 5.259952
HTZ 9/28/2012 31,126,768 4,679,830 6.651260
HUN 10/31/2012 12,881,648 3,139,436 4.103173
HUN 9/28/2012 11,561,442 3,020,576 3.827562
HY 10/31/2012 389,716 55,589 7.010668
IACI 10/31/2012 4,231,211 1,682,504 2.514830
IACI 9/28/2012 3,898,685 843,690 4.620992
ICPT 10/31/2012 2,585 31,110 1.000000
IDXX 10/31/2012 4,778,845 273,599 17.466603
IDXX 9/28/2012 4,863,126 329,557 14.756555
IEP 10/31/2012 1,901 2,960 1.000000
IEP 9/28/2012 1,528 7,142 1.000000
IEX 10/31/2012 3,043,786 527,247 5.772979
IEX 9/28/2012 2,755,031 534,749 5.152008
IFF 10/31/2012 980,132 365,677 2.680322
IFF 9/28/2012 1,247,784 365,786 3.411240
IGT 10/31/2012 7,051,868 3,260,325 2.162934
IGT 9/28/2012 10,827,089 3,633,964 2.979416
IHS 10/31/2012 1,158,087 428,231 2.704351
IHS 9/28/2012 963,617 1,108,225 1.000000
ILMN 10/31/2012 29,410,065 1,742,384 16.879210
ILMN 9/28/2012 27,755,187 1,583,484 17.527924
INGR 10/31/2012 495,313 482,564 1.026419
INGR 9/28/2012 577,121 325,399 1.773580
IOC 10/31/2012 9,461,886 914,758 10.343595
IOC 9/28/2012 8,904,573 864,304 10.302594
IPG 10/31/2012 14,339,012 8,147,046 1.760026
IPG 9/28/2012 12,676,434 5,568,532 2.276441
IRM 10/31/2012 7,420,020 1,468,788 5.051798
IRM 9/28/2012 6,678,738 1,431,918 4.664190
IT 10/31/2012 1,579,311 354,596 4.453832
IT 9/28/2012 1,825,470 537,757 3.394600
ITC 10/31/2012 4,591,713 347,984 13.195184
ITC 9/28/2012 4,763,914 330,868 14.398231
JAH 10/31/2012 3,888,436 828,751 4.691923
JAH 9/28/2012 4,087,660 670,344 6.097854
JAZZ 10/31/2012 2,262,469 390,273 5.797145
JAZZ 9/28/2012 2,305,480 1,586,710 1.452994
JBL 10/31/2012 4,854,455 3,311,048 1.466139
JBL 9/28/2012 5,257,170 4,530,120 1.160492
JCP 10/31/2012 55,383,338 4,440,182 12.473213
JCP 9/28/2012 56,527,954 10,671,802 5.296946
JEC 10/31/2012 2,089,483 648,934 3.219870
JEC 9/28/2012 2,647,582 835,995 3.166983
JEF 10/31/2012 6,755,893 1,642,908 4.112155
JEF 9/28/2012 6,978,057 3,443,202 2.026619
JKHY 10/31/2012 1,703,590 206,800 8.237863
JKHY 9/28/2012 1,676,965 306,338 5.474231
JLL 10/31/2012 438,812 269,232 1.629866
JLL 9/28/2012 447,787 291,779 1.534679
KBR 10/31/2012 1,925,735 1,787,899 1.077094
KBR 9/28/2012 1,982,516 1,553,267 1.276352
KEX 10/31/2012 4,378,255 519,840 8.422313
KEX 9/28/2012 4,326,153 280,975 15.396932
KOS 10/31/2012 1,135,453 206,224 5.505921
KOS 9/28/2012 1,194,244 339,659 3.516009
KRC 10/31/2012 3,026,846 644,442 4.696848
KRC 9/28/2012 3,095,172 806,237 3.839035
KYTH 10/31/2012 41,008 46,802 1.000000
LAMR 10/31/2012 7,198,743 784,536 9.175797
LAMR 9/28/2012 6,325,975 1,866,440 3.389327
LAZ 10/31/2012 4,177,149 501,302 8.332600
LAZ 9/28/2012 4,112,124 548,317 7.499538
LEA 10/31/2012 867,205 921,590 1.000000
LEA 9/28/2012 642,943 714,790 1.000000
LECO 10/31/2012 2,389,442 544,012 4.392260
LECO 9/28/2012 2,804,205 441,186 6.356061
LEG 10/31/2012 7,411,494 1,614,024 4.591935
LEG 9/28/2012 9,394,038 1,425,257 6.591119
LKQ 10/31/2012 4,508,096 2,270,650 1.985377
LKQ 9/28/2012 4,010,278 1,821,567 2.201554
LM 10/31/2012 8,677,576 1,332,778 6.510894
LM 9/28/2012 8,484,909 1,411,753 6.010194
LNCO 10/31/2012 198,610 1,111,418 1.000000
LNG 10/31/2012 19,701,168 3,542,606 5.561208
LNG 9/28/2012 17,472,465 3,708,295 4.711725
LNT 10/31/2012 419,398 348,121 1.204748
LNT 9/28/2012 508,012 520,755 1.000000
LOCK 10/31/2012 486,219 277,466 1.752355
LPLA 10/31/2012 943,736 295,700 3.191532
LPLA 9/28/2012 1,233,921 310,243 3.977273
LRCX 10/31/2012 10,068,447 4,560,638 2.207684
LRCX 9/28/2012 7,522,058 4,256,960 1.767002
LRY 10/31/2012 3,871,619 676,222 5.725367
LRY 9/28/2012 4,450,708 729,331 6.102453
LUK 10/31/2012 6,102,047 704,485 8.661713
LUK 9/28/2012 5,872,211 917,813 6.398047
LUV 10/31/2012 14,805,133 6,512,092 2.273483
LUV 9/28/2012 18,923,926 5,961,278 3.174475
LVLT 10/31/2012 13,537,853 2,066,546 6.550957
LVLT 9/28/2012 14,204,662 1,401,236 10.137237
LXFR 10/31/2012 4,552 34,539 1.000000
MAN 10/31/2012 4,243,930 1,244,940 3.408943
MAN 9/28/2012 3,254,413 778,733 4.179113
MAS 10/31/2012 20,022,444 5,673,025 3.529412
MAS 9/28/2012 23,188,226 6,861,731 3.379355
MCHP 10/31/2012 17,314,790 2,203,722 7.857066
MCHP 9/28/2012 16,020,130 2,072,366 7.730357
MCRS 10/31/2012 4,447,012 895,165 4.967813
MCRS 9/28/2012 3,175,201 660,483 4.807392
MD 10/31/2012 6,326,006 388,189 16.296201
MD 9/28/2012 5,962,524 367,336 16.231799
MDU 10/31/2012 2,021,287 561,789 3.597947
MDU 9/28/2012 2,187,454 643,040 3.401739
MDVN 10/31/2012 4,277,310 900,001 4.752561
MDVN 9/28/2012 4,045,813 1,049,810 3.853853
MELI 10/31/2012 5,051,843 504,468 10.014199
MELI 9/28/2012 4,252,452 541,916 7.847069
MGM 10/31/2012 28,343,425 10,773,703 2.630797
MGM 9/28/2012 27,154,050 8,187,807 3.316401
MHK 10/31/2012 2,019,362 459,569 4.394034
MHK 9/28/2012 1,951,488 625,480 3.119985
MKL 10/31/2012 39,958 15,210 2.627087
MKL 9/28/2012 37,508 19,518 1.921713
MLM 10/31/2012 6,499,274 284,347 22.856840
MLM 9/28/2012 7,488,694 556,868 13.447880
MLNX 10/31/2012 4,068,990 2,265,556 1.796023
MLNX 9/28/2012 2,566,026 1,211,148 2.118673
MOLX 10/31/2012 6,055,594 701,366 8.634000
MOLX 9/28/2012 5,893,392 555,934 10.600884
MORN 10/31/2012 1,083,738 75,209 14.409685
MORN 9/28/2012 979,346 80,377 12.184406
MPLX 10/31/2012 111,254 1,510,641 1.000000
MR 10/31/2012 6,225,642 307,606 20.239014
MR 9/28/2012 7,049,738 339,718 20.751735
MRVL 10/31/2012 7,589,433 16,289,660 1.000000
MRVL 9/28/2012 5,797,717 12,170,642 1.000000
MSCI 10/31/2012 3,171,906 1,182,027 2.683446
MSCI 9/28/2012 2,427,974 599,027 4.053196
MSG 10/31/2012 500,326 260,756 1.918752
MSG 9/28/2012 470,970 221,444 2.126813
